tf.Tensor(
[[[[-0.26303628]]

  [[ 1.0609841 ]]

  [[ 0.04288065]]]


 [[[-0.12282015]]

  [[ 1.6950381 ]]

  [[-0.69457835]]]


 [[[ 0.43086982]]

  [[-1.7254292 ]]

  [[-0.04775682]]]], shape=(3, 3, 1, 1), dtype=float32)
----------------------------------------------------
tf.Tensor(
[[[[-0.26303628]]

  [[ 1.0609841 ]]

  [[ 0.04288065]]]


 [[[-0.12282015]]

  [[ 1.6950381 ]]

  [[-0.69457835]]]


 [[[ 0.43086982]]

  [[-1.7254292 ]]

  [[-0.04775682]]]], shape=(3, 3, 1, 1), dtype=float32)
----------------------------------------------------
tf.Tensor(
[[[[-0.26303628]]

  [[ 1.0609841 ]]

  [[ 0.04288065]]]


 [[[-0.12282015]]

  [[ 1.6950381 ]]

  [[-0.69457835]]]


 [[[ 0.43086982]]

  [[-1.7254292 ]]

  [[-0.04775682]]]], shape=(3, 3, 1, 1), dtype=float32)
----------------------------------------------------
tf.Tensor(
[[[[ 0.27359852]]

  [[ 0.5702441 ]]

  [[-0.01068859]]]


 [[[ 0.10683534]]

  [[ 1.1578369 ]]

  [[-0.7325555 ]]]


 [[[-0.4237378 ]]

  [[ 0.6804289 ]]

  [[-0.74151504]]]], shape=(3, 3, 1, 1), dtype=float32)
----------------------------------------------------
tf.Tensor(
[[[[ 0.88219047]]

  [[-1.2440778 ]]

  [[ 1.1171821 ]]]


 [[[ 0.9538114 ]]

  [[ 1.2415076 ]]

  [[ 1.4670827 ]]]


 [[[-0.9011914 ]]

  [[-0.64774257]]

  [[-0.9360977 ]]]], shape=(3, 3, 1, 1), dtype=float32)
----------------------------------------------------
tf.Tensor(
[[[[ 1.4383292 ]]

  [[-0.6065883 ]]

  [[ 0.47763902]]]


 [[[ 0.33560464]]

  [[ 0.3381306 ]]

  [[-0.24861012]]]


 [[[-1.244316  ]]

  [[ 0.28474325]]

  [[ 0.30416614]]]], shape=(3, 3, 1, 1), dtype=float32)
----------------------------------------------------
tf.Tensor(
[[[[-0.77821434]]

  [[-0.31862667]]

  [[-1.2625972 ]]]


 [[[ 0.09641414]]

  [[ 0.789129  ]]

  [[ 0.04441004]]]


 [[[ 1.0955307 ]]

  [[ 2.2013886 ]]

  [[-0.18054967]]]], shape=(3, 3, 1, 1), dtype=float32)
----------------------------------------------------
tf.Tensor(
[[[[-0.74528456]]

  [[ 0.58489776]]

  [[ 0.38853982]]]


 [[[-1.0138068 ]]

  [[-0.1354709 ]]

  [[ 1.6618019 ]]]


 [[[-0.2810496 ]]

  [[ 0.04953148]]

  [[ 0.17350976]]]], shape=(3, 3, 1, 1), dtype=float32)
----------------------------------------------------
tf.Tensor(
[[[[-0.04005871]]

  [[-0.67446744]]

  [[ 3.204029  ]]]


 [[[ 0.61316574]]

  [[-0.9319493 ]]

  [[ 1.7143278 ]]]


 [[[-1.4481132 ]]

  [[ 0.5066418 ]]

  [[ 0.8196081 ]]]], shape=(3, 3, 1, 1), dtype=float32)
----------------------------------------------------
tf.Tensor(
[[[[-0.2483947 ]]

  [[ 0.4257932 ]]

  [[ 0.5913122 ]]]


 [[[-0.75211614]]

  [[-0.12594971]]

  [[ 0.28875822]]]


 [[[ 0.61147106]]

  [[ 0.8097881 ]]

  [[-0.4833983 ]]]], shape=(3, 3, 1, 1), dtype=float32)
----------------------------------------------------
tf.Tensor(
[[[[ 0.79277545]]

  [[-1.1743915 ]]

  [[-0.8398533 ]]]


 [[[ 1.2666416 ]]

  [[-0.8983042 ]]

  [[ 0.71574926]]]


 [[[-0.11549433]]

  [[-0.6666298 ]]

  [[ 0.8579036 ]]]], shape=(3, 3, 1, 1), dtype=float32)
----------------------------------------------------
tf.Tensor(
[[[[ 0.3640573 ]]

  [[ 1.1717005 ]]

  [[ 0.6311009 ]]]


 [[[ 1.4513485 ]]

  [[ 0.4545545 ]]

  [[-0.15184414]]]


 [[[-0.5761098 ]]

  [[-1.5739027 ]]

  [[-0.48325667]]]], shape=(3, 3, 1, 1), dtype=float32)
----------------------------------------------------
tf.Tensor(
[[[[-0.32227913]]

  [[-0.00384604]]

  [[ 0.565476  ]]]


 [[[ 2.0132875 ]]

  [[-0.5416469 ]]

  [[ 0.275504  ]]]


 [[[-0.3702128 ]]

  [[-1.7557361 ]]

  [[ 1.7181453 ]]]], shape=(3, 3, 1, 1), dtype=float32)
----------------------------------------------------
tf.Tensor(
[[[[-0.01579211]]

  [[-0.13605613]]

  [[ 0.26180962]]]


 [[[-1.3467135 ]]

  [[ 0.44169486]]

  [[ 0.8296894 ]]]


 [[[ 1.9353497 ]]

  [[ 0.08955519]]

  [[-1.2201189 ]]]], shape=(3, 3, 1, 1), dtype=float32)
----------------------------------------------------
tf.Tensor(
[[[[-1.5916486 ]]

  [[ 0.5115288 ]]

  [[ 0.8936498 ]]]


 [[[ 0.12565197]]

  [[ 0.1668279 ]]

  [[ 0.97611713]]]


 [[[-0.31011513]]

  [[ 0.98936653]]

  [[ 0.22027971]]]], shape=(3, 3, 1, 1), dtype=float32)
----------------------------------------------------
tf.Tensor(
[[[[ 1.4653841e+00]]

  [[ 1.5642308e-01]]

  [[-2.4508213e-01]]]


 [[[ 3.4028158e-02]]

  [[-8.8264948e-01]]

  [[-6.5403723e-04]]]


 [[[-1.0784547e+00]]

  [[-3.5299599e-01]]

  [[ 4.2775080e-01]]]], shape=(3, 3, 1, 1), dtype=float32)
----------------------------------------------------
tf.Tensor(
[[[[ 0.15620594]]

  [[-0.5349061 ]]

  [[ 1.60554   ]]]


 [[[ 0.9662068 ]]

  [[ 0.12186965]]

  [[ 1.0740345 ]]]


 [[[-1.6695485 ]]

  [[-0.37310818]]

  [[-0.5959685 ]]]], shape=(3, 3, 1, 1), dtype=float32)
----------------------------------------------------
tf.Tensor(
[[[[-0.8980847 ]]

  [[ 0.24681589]]

  [[-1.2110943 ]]]


 [[[ 0.6635905 ]]

  [[-0.30814466]]

  [[ 0.17445177]]]


 [[[-0.20279609]]

  [[ 0.49903542]]

  [[ 1.7368793 ]]]], shape=(3, 3, 1, 1), dtype=float32)
----------------------------------------------------
tf.Tensor(
[[[[ 1.141072  ]]

  [[-1.8007438 ]]

  [[ 2.059093  ]]]


 [[[-1.5327243 ]]

  [[ 1.8773992 ]]

  [[ 0.63236344]]]


 [[[-0.54497546]]

  [[-0.7378973 ]]

  [[-0.57895535]]]], shape=(3, 3, 1, 1), dtype=float32)
----------------------------------------------------
tf.Tensor(
[[[[-1.9717484 ]]

  [[ 0.23789309]]

  [[ 2.0277712 ]]]


 [[[-0.8976955 ]]

  [[ 1.5672575 ]]

  [[-0.18680027]]]


 [[[-0.05029739]]

  [[ 1.3953222 ]]

  [[-0.5166614 ]]]], shape=(3, 3, 1, 1), dtype=float32)
----------------------------------------------------
tf.Tensor(
[[[[ 1.4818968 ]]

  [[-1.4619417 ]]

  [[ 0.3219027 ]]]


 [[[-0.2981136 ]]

  [[ 0.5095266 ]]

  [[ 2.2493458 ]]]


 [[[-1.4597396 ]]

  [[ 0.7223743 ]]

  [[ 0.10367542]]]], shape=(3, 3, 1, 1), dtype=float32)
----------------------------------------------------
tf.Tensor(
[[[[-0.13789627]]

  [[ 0.92805535]]

  [[-0.650758  ]]]


 [[[-1.1891509 ]]

  [[ 0.80919945]]

  [[-0.16707109]]]


 [[[ 0.8132448 ]]

  [[-0.22048244]]

  [[ 0.24765542]]]], shape=(3, 3, 1, 1), dtype=float32)
----------------------------------------------------
tf.Tensor(
[[[[-0.17336439]]

  [[ 1.0811763 ]]

  [[-1.102781  ]]]


 [[[-0.3497673 ]]

  [[ 1.3393261 ]]

  [[-0.9721521 ]]]


 [[[ 1.7168062 ]]

  [[ 0.10154701]]

  [[-0.6451447 ]]]], shape=(3, 3, 1, 1), dtype=float32)
----------------------------------------------------
tf.Tensor(
[[[[-1.4092833 ]]

  [[-1.215973  ]]

  [[-0.77957636]]]


 [[[ 0.48462674]]

  [[-0.98553884]]

  [[ 0.74107563]]]


 [[[ 2.0741122 ]]

  [[-0.06466372]]

  [[ 0.51926315]]]], shape=(3, 3, 1, 1), dtype=float32)
----------------------------------------------------
tf.Tensor(
[[[[-0.4299867 ]]

  [[-0.30507967]]

  [[ 1.447095  ]]]


 [[[-1.3029841 ]]

  [[ 0.25784904]]

  [[-0.28694037]]]


 [[[ 1.9251493 ]]

  [[ 0.06735568]]

  [[-0.90639156]]]], shape=(3, 3, 1, 1), dtype=float32)
----------------------------------------------------
tf.Tensor(
[[[[ 1.9133688 ]]

  [[-0.70598286]]

  [[-0.14443459]]]


 [[[-1.9942485 ]]

  [[ 0.44574156]]

  [[ 1.1308835 ]]]


 [[[ 0.15489843]]

  [[-0.9782002 ]]

  [[ 1.8893347 ]]]], shape=(3, 3, 1, 1), dtype=float32)
----------------------------------------------------
tf.Tensor(
[[[[-0.5289439 ]]

  [[-0.44797382]]

  [[-0.9743577 ]]]


 [[[ 1.030446  ]]

  [[ 1.2234685 ]]

  [[-0.54062545]]]


 [[[ 1.5722495 ]]

  [[-1.0360769 ]]

  [[ 1.1381931 ]]]], shape=(3, 3, 1, 1), dtype=float32)
----------------------------------------------------
tf.Tensor(
[[[[-0.740809 ]]

  [[-1.4251461]]

  [[ 1.2127393]]]


 [[[-0.176196 ]]

  [[-0.5940467]]

  [[ 1.046487 ]]]


 [[[-0.5640593]]

  [[ 1.3560445]]

  [[ 2.3041673]]]], shape=(3, 3, 1, 1), dtype=float32)
----------------------------------------------------
tf.Tensor(
[[[[-0.7137513 ]]

  [[ 0.44568542]]

  [[ 0.13447638]]]


 [[[-1.452687  ]]

  [[-1.0261213 ]]

  [[-0.08640547]]]


 [[[ 0.50953686]]

  [[ 0.35366166]]

  [[ 0.7018486 ]]]], shape=(3, 3, 1, 1), dtype=float32)
----------------------------------------------------
tf.Tensor(
[[[[ 1.4900155 ]]

  [[ 0.4293297 ]]

  [[ 0.5089871 ]]]


 [[[-1.0626693 ]]

  [[-0.987893  ]]

  [[ 1.3310981 ]]]


 [[[ 0.38455528]]

  [[ 0.13737163]]

  [[ 0.68056816]]]], shape=(3, 3, 1, 1), dtype=float32)
----------------------------------------------------
tf.Tensor(
[[[[-0.01156799]]

  [[ 0.36104378]]

  [[ 0.59022206]]]


 [[[ 0.49756062]]

  [[ 0.36157122]]

  [[ 0.17451796]]]


 [[[-0.29982817]]

  [[-0.5825928 ]]

  [[-0.4497082 ]]]], shape=(3, 3, 1, 1), dtype=float32)
----------------------------------------------------
tf.Tensor(
[[[[-0.0994914 ]]

  [[-0.51431   ]]

  [[ 0.24009809]]]


 [[[-1.4628443 ]]

  [[ 0.89102405]]

  [[ 0.24538156]]]


 [[[ 0.66599447]]

  [[-1.0086839 ]]

  [[ 2.017308  ]]]], shape=(3, 3, 1, 1), dtype=float32)
----------------------------------------------------
tf.Tensor(
[[[[ 1.7412362 ]]

  [[-0.01842917]]

  [[-1.6349448 ]]]


 [[[-0.67146134]]

  [[-0.01162955]]

  [[ 1.1851203 ]]]


 [[[ 0.33135423]]

  [[ 1.0523189 ]]

  [[-1.650825  ]]]], shape=(3, 3, 1, 1), dtype=float32)
----------------------------------------------------
tf.Tensor(
[[[[ 2.4598057 ]]

  [[-0.5250701 ]]

  [[-0.12583855]]]


 [[[ 0.9483802 ]]

  [[ 0.73718613]]

  [[-1.5337625 ]]]


 [[[-0.15784657]]

  [[-1.6991384 ]]

  [[-0.8624273 ]]]], shape=(3, 3, 1, 1), dtype=float32)
----------------------------------------------------
tf.Tensor(
[[[[-0.80851406]]

  [[-1.0535326 ]]

  [[-1.4300836 ]]]


 [[[ 0.45235577]]

  [[ 1.1451752 ]]

  [[-0.6147096 ]]]


 [[[ 0.97398084]]

  [[-0.40536478]]

  [[ 1.1763786 ]]]], shape=(3, 3, 1, 1), dtype=float32)
----------------------------------------------------
tf.Tensor(
[[[[-0.06292006]]

  [[ 0.98617494]]

  [[-2.1584466 ]]]


 [[[-1.4236219 ]]

  [[-0.5482541 ]]

  [[ 0.33655822]]]


 [[[ 1.3101112 ]]

  [[ 1.0418835 ]]

  [[ 0.06067218]]]], shape=(3, 3, 1, 1), dtype=float32)
----------------------------------------------------
tf.Tensor(
[[[[ 2.200247  ]]

  [[-0.7459449 ]]

  [[-0.44835603]]]


 [[[-1.7637942 ]]

  [[-1.0488802 ]]

  [[-1.7550628 ]]]


 [[[ 1.9314716 ]]

  [[ 2.4015868 ]]

  [[ 0.75929344]]]], shape=(3, 3, 1, 1), dtype=float32)
----------------------------------------------------
tf.Tensor(
[[[[-0.05863106]]

  [[ 0.7611343 ]]

  [[ 1.8201444 ]]]


 [[[-0.33338743]]

  [[-0.56333196]]

  [[ 0.96950203]]]


 [[[-0.8249953 ]]

  [[-0.2211727 ]]

  [[-0.99568117]]]], shape=(3, 3, 1, 1), dtype=float32)
----------------------------------------------------
tf.Tensor(
[[[[ 0.6590825 ]]

  [[ 1.050486  ]]

  [[-0.5050046 ]]]


 [[[-1.9701859 ]]

  [[ 0.06707287]]

  [[ 0.48213017]]]


 [[[-0.03968005]]

  [[ 0.0773349 ]]

  [[ 1.8835028 ]]]], shape=(3, 3, 1, 1), dtype=float32)
----------------------------------------------------
tf.Tensor(
[[[[-0.41464305]]

  [[ 1.0047234 ]]

  [[ 1.3160928 ]]]


 [[[-0.2502488 ]]

  [[ 0.9112843 ]]

  [[-0.91489935]]]


 [[[-0.10939773]]

  [[-0.9712615 ]]

  [[-0.94617444]]]], shape=(3, 3, 1, 1), dtype=float32)
----------------------------------------------------
tf.Tensor(
[[[[-0.6525823 ]]

  [[ 1.4829713 ]]

  [[ 0.01346384]]]


 [[[-0.24024537]]

  [[-0.6225536 ]]

  [[-0.8355251 ]]]


 [[[ 0.6229543 ]]

  [[ 0.73484147]]

  [[-0.2541466 ]]]], shape=(3, 3, 1, 1), dtype=float32)
----------------------------------------------------
tf.Tensor(
[[[[-0.6525823 ]]

  [[ 1.4829713 ]]

  [[ 0.01346384]]]


 [[[-0.24024537]]

  [[-0.6225536 ]]

  [[-0.8355251 ]]]


 [[[ 0.6229543 ]]

  [[ 0.73484147]]

  [[-0.2541466 ]]]], shape=(3, 3, 1, 1), dtype=float32)
----------------------------------------------------
tf.Tensor(
[[[[-0.645987  ]]

  [[ 0.23152988]]

  [[ 0.06079912]]]


 [[[-1.5928736 ]]

  [[-0.22359005]]

  [[ 0.474291  ]]]


 [[[ 1.5911682 ]]

  [[ 1.2248111 ]]

  [[-0.6215818 ]]]], shape=(3, 3, 1, 1), dtype=float32)
----------------------------------------------------
tf.Tensor(
[[[[-2.0902822 ]]

  [[-1.3247311 ]]

  [[ 0.9723437 ]]]


 [[[ 0.66372347]]

  [[ 1.2794461 ]]

  [[ 0.65975237]]]


 [[[ 0.8792642 ]]

  [[ 1.4824777 ]]

  [[-2.5435245 ]]]], shape=(3, 3, 1, 1), dtype=float32)
----------------------------------------------------
tf.Tensor(
[[[[-0.89723617]]

  [[ 0.22175129]]

  [[ 1.200902  ]]]


 [[[ 0.7611673 ]]

  [[ 0.26101166]]

  [[ 0.37161642]]]


 [[[-0.62310374]]

  [[ 0.82716393]]

  [[ 0.2499857 ]]]], shape=(3, 3, 1, 1), dtype=float32)
----------------------------------------------------
tf.Tensor(
[[[[-0.95175153]]

  [[ 0.4372854 ]]

  [[ 1.1108558 ]]]


 [[[-1.2984977 ]]

  [[ 1.3308965 ]]

  [[ 0.694675  ]]]


 [[[-0.4323634 ]]

  [[ 0.07451747]]

  [[ 0.53839093]]]], shape=(3, 3, 1, 1), dtype=float32)
----------------------------------------------------
tf.Tensor(
[[[[-1.1000627 ]]

  [[ 0.46512207]]

  [[ 1.1097955 ]]]


 [[[ 1.4400196 ]]

  [[ 1.2097368 ]]

  [[ 0.18461072]]]


 [[[-1.5068002 ]]

  [[-0.68944436]]

  [[-0.58158875]]]], shape=(3, 3, 1, 1), dtype=float32)
----------------------------------------------------
tf.Tensor(
[[[[-0.10797583]]

  [[ 1.1103467 ]]

  [[ 1.6269553 ]]]


 [[[ 0.5302519 ]]

  [[-1.7831893 ]]

  [[ 0.452767  ]]]


 [[[ 0.93547696]]

  [[ 0.7716319 ]]

  [[-1.9636723 ]]]], shape=(3, 3, 1, 1), dtype=float32)
----------------------------------------------------
tf.Tensor(
[[[[-0.10797583]]

  [[ 1.1103467 ]]

  [[ 1.6269553 ]]]


 [[[ 0.5302519 ]]

  [[-1.7831893 ]]

  [[ 0.452767  ]]]


 [[[ 0.93547696]]

  [[ 0.7716319 ]]

  [[-1.9636723 ]]]], shape=(3, 3, 1, 1), dtype=float32)
----------------------------------------------------
tf.Tensor(
[[[[-1.88103   ]]

  [[-0.2277277 ]]

  [[ 0.5103303 ]]]


 [[[ 0.2994623 ]]

  [[-0.20599988]]

  [[ 1.9076048 ]]]


 [[[-0.30125403]]

  [[ 0.69099   ]]

  [[-0.58854336]]]], shape=(3, 3, 1, 1), dtype=float32)
----------------------------------------------------
tf.Tensor(
[[[[-0.72322375]]

  [[ 0.89605033]]

  [[-0.48588607]]]


 [[[ 0.12985831]]

  [[ 0.45878324]]

  [[ 0.59233403]]]


 [[[ 1.0248088 ]]

  [[ 0.5616138 ]]

  [[-0.94283277]]]], shape=(3, 3, 1, 1), dtype=float32)
----------------------------------------------------
tf.Tensor(
[[[[-0.72322375]]

  [[ 0.89605033]]

  [[-0.48588607]]]


 [[[ 0.12985831]]

  [[ 0.45878324]]

  [[ 0.59233403]]]


 [[[ 1.0248088 ]]

  [[ 0.5616138 ]]

  [[-0.94283277]]]], shape=(3, 3, 1, 1), dtype=float32)
----------------------------------------------------
tf.Tensor(
[[[[-0.72322375]]

  [[ 0.89605033]]

  [[-0.48588607]]]


 [[[ 0.12985831]]

  [[ 0.45878324]]

  [[ 0.59233403]]]


 [[[ 1.0248088 ]]

  [[ 0.5616138 ]]

  [[-0.94283277]]]], shape=(3, 3, 1, 1), dtype=float32)
----------------------------------------------------
tf.Tensor(
[[[[-1.5105045 ]]

  [[ 0.20456563]]

  [[-0.31633347]]]


 [[[ 0.5549974 ]]

  [[ 1.9165629 ]]

  [[ 0.7186595 ]]]


 [[[-1.017806  ]]

  [[-1.166078  ]]

  [[ 0.9822297 ]]]], shape=(3, 3, 1, 1), dtype=float32)
----------------------------------------------------
tf.Tensor(
[[[[-1.5105045 ]]

  [[ 0.20456563]]

  [[-0.31633347]]]


 [[[ 0.5549974 ]]

  [[ 1.9165629 ]]

  [[ 0.7186595 ]]]


 [[[-1.017806  ]]

  [[-1.166078  ]]

  [[ 0.9822297 ]]]], shape=(3, 3, 1, 1), dtype=float32)
----------------------------------------------------
tf.Tensor(
[[[[-1.5105045 ]]

  [[ 0.20456563]]

  [[-0.31633347]]]


 [[[ 0.5549974 ]]

  [[ 1.9165629 ]]

  [[ 0.7186595 ]]]


 [[[-1.017806  ]]

  [[-1.166078  ]]

  [[ 0.9822297 ]]]], shape=(3, 3, 1, 1), dtype=float32)
----------------------------------------------------
tf.Tensor(
[[[[ 1.662793  ]]

  [[ 0.36867794]]

  [[-0.04356235]]]


 [[[ 1.1179535 ]]

  [[ 0.73524237]]

  [[ 1.1327734 ]]]


 [[[ 0.03990331]]

  [[-2.086074  ]]

  [[-0.2905351 ]]]], shape=(3, 3, 1, 1), dtype=float32)
----------------------------------------------------
tf.Tensor(
[[[[-0.14077167]]

  [[ 1.3816979 ]]

  [[ 1.1097895 ]]]


 [[[-1.3940305 ]]

  [[-0.12479764]]

  [[-0.3358905 ]]]


 [[[ 0.583263  ]]

  [[ 0.06566902]]

  [[-0.51030743]]]], shape=(3, 3, 1, 1), dtype=float32)
----------------------------------------------------
tf.Tensor(
[[[[-0.758389  ]]

  [[-0.4062018 ]]

  [[-2.0106523 ]]]


 [[[ 1.620144  ]]

  [[ 1.6149237 ]]

  [[ 1.325771  ]]]


 [[[-0.04188946]]

  [[ 0.16919932]]

  [[-0.9881312 ]]]], shape=(3, 3, 1, 1), dtype=float32)
----------------------------------------------------
tf.Tensor(
[[[[-0.18592146]]

  [[ 0.7595359 ]]

  [[-1.0714784 ]]]


 [[[-0.3487129 ]]

  [[ 0.71735436]]

  [[ 0.5861136 ]]]


 [[[-0.84606737]]

  [[ 2.378774  ]]

  [[ 0.03070988]]]], shape=(3, 3, 1, 1), dtype=float32)
----------------------------------------------------
tf.Tensor(
[[[[ 0.74911374]]

  [[-0.6386174 ]]

  [[ 0.4016019 ]]]


 [[[-0.12227113]]

  [[ 0.6931894 ]]

  [[ 0.23438711]]]


 [[[-0.4785216 ]]

  [[-0.11130112]]

  [[ 1.0350747 ]]]], shape=(3, 3, 1, 1), dtype=float32)
----------------------------------------------------
tf.Tensor(
[[[[-1.0132198 ]]

  [[ 0.17634888]]

  [[-0.29483736]]]


 [[[-1.8703266 ]]

  [[-0.47584817]]

  [[ 0.1415693 ]]]


 [[[ 2.8611915 ]]

  [[ 1.0865825 ]]

  [[-0.6216752 ]]]], shape=(3, 3, 1, 1), dtype=float32)
----------------------------------------------------
tf.Tensor(
[[[[ 0.6442354 ]]

  [[ 0.2419524 ]]

  [[-0.28519455]]]


 [[[ 0.884753  ]]

  [[ 0.77500635]]

  [[-1.6230764 ]]]


 [[[ 0.8549204 ]]

  [[-0.7923978 ]]

  [[ 0.4082889 ]]]], shape=(3, 3, 1, 1), dtype=float32)
----------------------------------------------------
tf.Tensor(
[[[[-1.4564848 ]]

  [[ 1.5142012 ]]

  [[ 0.7899371 ]]]


 [[[ 0.55461663]]

  [[-1.1900953 ]]

  [[-0.7865046 ]]]


 [[[ 0.49939248]]

  [[ 0.0099455 ]]

  [[ 1.762171  ]]]], shape=(3, 3, 1, 1), dtype=float32)
----------------------------------------------------
tf.Tensor(
[[[[ 0.21857172]]

  [[-0.77819026]]

  [[-0.3892448 ]]]


 [[[ 1.0673608 ]]

  [[-0.57899576]]

  [[ 0.47210044]]]


 [[[ 0.17640407]]

  [[ 0.3306988 ]]

  [[-0.54397804]]]], shape=(3, 3, 1, 1), dtype=float32)
----------------------------------------------------
tf.Tensor(
[[[[-1.6785426 ]]

  [[ 0.94053435]]

  [[-0.504196  ]]]


 [[[ 0.67226464]]

  [[ 0.9142316 ]]

  [[ 1.4115996 ]]]


 [[[-0.10652114]]

  [[ 0.36081877]]

  [[-1.7643366 ]]]], shape=(3, 3, 1, 1), dtype=float32)
----------------------------------------------------
tf.Tensor(
[[[[ 1.1189312 ]]

  [[ 0.24717572]]

  [[ 0.13025242]]]


 [[[ 2.1342232 ]]

  [[-0.7294881 ]]

  [[-1.3694532 ]]]


 [[[ 0.02995132]]

  [[-0.75880384]]

  [[-2.1842396 ]]]], shape=(3, 3, 1, 1), dtype=float32)
----------------------------------------------------
tf.Tensor(
[[[[ 0.02491616]]

  [[-0.63648844]]

  [[ 1.4425584 ]]]


 [[[-0.58905077]]

  [[ 0.27575502]]

  [[ 0.00720591]]]


 [[[ 0.7860246 ]]

  [[ 0.8505878 ]]

  [[-1.9703324 ]]]], shape=(3, 3, 1, 1), dtype=float32)
----------------------------------------------------
tf.Tensor(
[[[[ 0.88660985]]

  [[ 1.2096663 ]]

  [[ 0.3398082 ]]]


 [[[-0.2536144 ]]

  [[ 1.3299102 ]]

  [[-0.17957965]]]


 [[[-1.2427857 ]]

  [[-1.2584213 ]]

  [[ 0.87102026]]]], shape=(3, 3, 1, 1), dtype=float32)
----------------------------------------------------
tf.Tensor(
[[[[ 0.4443434 ]]

  [[-0.2682178 ]]

  [[ 0.53958243]]]


 [[[ 0.79825056]]

  [[ 0.09335195]]

  [[-0.71521056]]]


 [[[-0.20826314]]

  [[ 0.16346969]]

  [[ 1.4297794 ]]]], shape=(3, 3, 1, 1), dtype=float32)
----------------------------------------------------
tf.Tensor(
[[[[-2.3296702 ]]

  [[-0.30439994]]

  [[-0.23882431]]]


 [[[ 0.73533356]]

  [[ 0.14570068]]

  [[-1.2700349 ]]]


 [[[ 1.3995069 ]]

  [[ 0.04711252]]

  [[-0.475014  ]]]], shape=(3, 3, 1, 1), dtype=float32)
----------------------------------------------------
tf.Tensor(
[[[[ 0.5692869 ]]

  [[-0.49850363]]

  [[ 0.2424037 ]]]


 [[[ 0.90500003]]

  [[ 0.08751306]]

  [[-2.0051072 ]]]


 [[[ 1.702828  ]]

  [[-0.61382467]]

  [[ 1.1124915 ]]]], shape=(3, 3, 1, 1), dtype=float32)
----------------------------------------------------
tf.Tensor(
[[[[-0.8187031 ]]

  [[-0.51678306]]

  [[ 0.23648423]]]


 [[[-0.53357863]]

  [[-0.01577568]]

  [[ 0.65664566]]]


 [[[ 0.7808023 ]]

  [[ 1.6244899 ]]

  [[ 1.775591  ]]]], shape=(3, 3, 1, 1), dtype=float32)
----------------------------------------------------
tf.Tensor(
[[[[-0.6824146 ]]

  [[-0.35528898]]

  [[-2.2772148 ]]]


 [[[ 0.05354934]]

  [[ 1.9431891 ]]

  [[-0.3077258 ]]]


 [[[ 0.05913303]]

  [[ 1.9706401 ]]

  [[-0.19217771]]]], shape=(3, 3, 1, 1), dtype=float32)
----------------------------------------------------
tf.Tensor(
[[[[ 1.5766103 ]]

  [[-0.8589613 ]]

  [[-1.9773939 ]]]


 [[[ 0.16159523]]

  [[-0.17830919]]

  [[ 1.3384593 ]]]


 [[[ 1.5913285 ]]

  [[-1.070735  ]]

  [[ 0.06097407]]]], shape=(3, 3, 1, 1), dtype=float32)
----------------------------------------------------
tf.Tensor(
[[[[ 0.31634876]]

  [[-0.23812681]]

  [[ 0.3240086 ]]]


 [[[-0.807279  ]]

  [[ 0.64599687]]

  [[ 2.0193748 ]]]


 [[[-0.16283102]]

  [[ 0.193781  ]]

  [[ 1.1808755 ]]]], shape=(3, 3, 1, 1), dtype=float32)
----------------------------------------------------
tf.Tensor(
[[[[ 0.4660048 ]]

  [[-0.9504142 ]]

  [[-0.32936865]]]


 [[[-1.1469618 ]]

  [[-0.3388722 ]]

  [[-0.40960413]]]


 [[[ 0.59316456]]

  [[ 1.2868251 ]]

  [[ 0.600495  ]]]], shape=(3, 3, 1, 1), dtype=float32)
----------------------------------------------------
tf.Tensor(
[[[[ 0.2794646 ]]

  [[ 0.28505763]]

  [[ 0.93428296]]]


 [[[-0.272228  ]]

  [[ 0.5136478 ]]

  [[-0.4032819 ]]]


 [[[-1.2744837 ]]

  [[-0.49271703]]

  [[-0.14110826]]]], shape=(3, 3, 1, 1), dtype=float32)
----------------------------------------------------
tf.Tensor(
[[[[ 1.2682812 ]]

  [[ 0.37019545]]

  [[ 2.109207  ]]]


 [[[ 0.3669016 ]]

  [[-2.015845  ]]

  [[-0.3886929 ]]]


 [[[ 0.2519261 ]]

  [[ 1.3257525 ]]

  [[ 0.989289  ]]]], shape=(3, 3, 1, 1), dtype=float32)
----------------------------------------------------
tf.Tensor(
[[[[ 2.567175  ]]

  [[-0.0978262 ]]

  [[-0.9006436 ]]]


 [[[ 0.26572812]]

  [[-0.6618235 ]]

  [[ 0.21696472]]]


 [[[-1.0694284 ]]

  [[ 1.6862457 ]]

  [[-0.88669616]]]], shape=(3, 3, 1, 1), dtype=float32)
----------------------------------------------------
tf.Tensor(
[[[[-2.509898  ]]

  [[-1.651939  ]]

  [[ 0.27094868]]]


 [[[-1.7798369 ]]

  [[ 1.5889518 ]]

  [[ 1.2428802 ]]]


 [[[-0.24210215]]

  [[-0.196147  ]]

  [[ 1.4354905 ]]]], shape=(3, 3, 1, 1), dtype=float32)
----------------------------------------------------
tf.Tensor(
[[[[ 0.72474253]]

  [[-1.4101777 ]]

  [[ 0.6561824 ]]]


 [[[ 1.1057498 ]]

  [[ 0.6833171 ]]

  [[-2.0395658 ]]]


 [[[ 1.7956691 ]]

  [[ 0.86199784]]

  [[-0.38711476]]]], shape=(3, 3, 1, 1), dtype=float32)
----------------------------------------------------
tf.Tensor(
[[[[-0.43020824]]

  [[ 0.20524657]]

  [[-0.7356739 ]]]


 [[[-0.04847464]]

  [[ 0.6919643 ]]

  [[ 1.3807406 ]]]


 [[[-0.92413765]]

  [[ 1.3186511 ]]

  [[-0.7279032 ]]]], shape=(3, 3, 1, 1), dtype=float32)
----------------------------------------------------
tf.Tensor(
[[[[-1.6001271 ]]

  [[-0.33182806]]

  [[ 0.01119964]]]


 [[[ 1.8071444 ]]

  [[ 1.222255  ]]

  [[ 0.33746105]]]


 [[[ 0.26820275]]

  [[-0.05687448]]

  [[-0.6231835 ]]]], shape=(3, 3, 1, 1), dtype=float32)
----------------------------------------------------
tf.Tensor(
[[[[-0.11828683]]

  [[-0.81667936]]

  [[-1.1239889 ]]]


 [[[ 0.5595449 ]]

  [[-0.8979184 ]]

  [[ 1.1563659 ]]]


 [[[ 1.6847032 ]]

  [[ 0.89014703]]

  [[ 0.28102517]]]], shape=(3, 3, 1, 1), dtype=float32)
----------------------------------------------------
tf.Tensor(
[[[[-1.0895249 ]]

  [[-1.7246977 ]]

  [[-1.9841698 ]]]


 [[[ 0.3524972 ]]

  [[ 0.53167546]]

  [[ 0.8907406 ]]]


 [[[ 1.8396962 ]]

  [[ 0.80200005]]

  [[ 0.7896094 ]]]], shape=(3, 3, 1, 1), dtype=float32)
----------------------------------------------------
tf.Tensor(
[[[[-0.63311327]]

  [[ 0.5519807 ]]

  [[-0.43538424]]]


 [[[ 0.9677454 ]]

  [[ 0.18182671]]

  [[-0.46885413]]]


 [[[ 0.5166672 ]]

  [[ 0.83257985]]

  [[-2.050455  ]]]], shape=(3, 3, 1, 1), dtype=float32)
----------------------------------------------------
tf.Tensor(
[[[[ 1.567117  ]]

  [[ 0.6270691 ]]

  [[ 0.27762517]]]


 [[[-0.498802  ]]

  [[ 0.26304516]]

  [[-0.8539214 ]]]


 [[[-0.77923566]]

  [[-0.4303344 ]]

  [[-0.06760132]]]], shape=(3, 3, 1, 1), dtype=float32)
----------------------------------------------------
tf.Tensor(
[[[[-0.42881203]]

  [[-0.46682832]]

  [[-0.28468278]]]


 [[[ 0.3061121 ]]

  [[ 1.5136648 ]]

  [[-0.265043  ]]]


 [[[-0.40434968]]

  [[ 0.41008952]]

  [[ 0.10380994]]]], shape=(3, 3, 1, 1), dtype=float32)
----------------------------------------------------
tf.Tensor(
[[[[ 0.3169671]]

  [[-0.8226308]]

  [[-1.1891193]]]


 [[[-1.1210655]]

  [[ 0.7618453]]

  [[ 0.672478 ]]]


 [[[ 1.9862106]]

  [[ 1.9783059]]

  [[ 0.6431047]]]], shape=(3, 3, 1, 1), dtype=float32)
----------------------------------------------------
tf.Tensor(
[[[[ 1.8541278 ]]

  [[-0.6706358 ]]

  [[-0.46610948]]]


 [[[-2.2454872 ]]

  [[ 0.3849956 ]]

  [[-0.85476595]]]


 [[[ 1.868589  ]]

  [[-0.35902876]]

  [[ 0.4435303 ]]]], shape=(3, 3, 1, 1), dtype=float32)
----------------------------------------------------
tf.Tensor(
[[[[-0.68842775]]

  [[-1.461084  ]]

  [[ 0.9443121 ]]]


 [[[-1.3005512 ]]

  [[ 2.465022  ]]

  [[-1.5568453 ]]]


 [[[-1.9447787 ]]

  [[ 2.100708  ]]

  [[ 1.0822831 ]]]], shape=(3, 3, 1, 1), dtype=float32)
----------------------------------------------------
tf.Tensor(
[[[[-0.27973297]]

  [[ 0.8521265 ]]

  [[ 0.15818532]]]


 [[[ 0.8625411 ]]

  [[-0.7542792 ]]

  [[ 0.28468516]]]


 [[[ 0.10646523]]

  [[-0.8286794 ]]

  [[-0.32779258]]]], shape=(3, 3, 1, 1), dtype=float32)
----------------------------------------------------
tf.Tensor(
[[[[-0.904189  ]]

  [[ 0.02562715]]

  [[-2.4676902 ]]]


 [[[ 0.86003023]]

  [[ 1.446238  ]]

  [[ 1.2749842 ]]]


 [[[ 0.19630212]]

  [[ 0.42288846]]

  [[ 0.654933  ]]]], shape=(3, 3, 1, 1), dtype=float32)
----------------------------------------------------
tf.Tensor(
[[[[-0.7291152 ]]

  [[-0.1658925 ]]

  [[ 0.17675884]]]


 [[[ 0.34148008]]

  [[-0.21326284]]

  [[ 0.35126474]]]


 [[[ 0.4456919 ]]

  [[ 0.04543774]]

  [[-0.00232544]]]], shape=(3, 3, 1, 1), dtype=float32)
----------------------------------------------------
tf.Tensor(
[[[[ 0.849808  ]]

  [[ 1.8733622 ]]

  [[ 0.85207605]]]


 [[[-0.67957735]]

  [[ 1.4960152 ]]

  [[-0.06359404]]]


 [[[-1.8126876 ]]

  [[-1.1792032 ]]

  [[ 0.05096707]]]], shape=(3, 3, 1, 1), dtype=float32)
----------------------------------------------------
tf.Tensor(
[[[[-0.315867  ]]

  [[-0.23215653]]

  [[ 0.5004441 ]]]


 [[[-0.16239764]]

  [[ 0.93861955]]

  [[ 0.752374  ]]]


 [[[-0.6400631 ]]

  [[ 0.13733618]]

  [[-1.2895172 ]]]], shape=(3, 3, 1, 1), dtype=float32)
----------------------------------------------------
tf.Tensor(
[[[[-0.39162466]]

  [[-0.49423733]]

  [[ 0.12238181]]]


 [[[ 1.0566831 ]]

  [[-1.1851673 ]]

  [[-2.5043168 ]]]


 [[[ 3.1664233 ]]

  [[ 1.0862293 ]]

  [[-0.44727418]]]], shape=(3, 3, 1, 1), dtype=float32)
----------------------------------------------------
tf.Tensor(
[[[[-0.6153186 ]]

  [[-0.63516355]]

  [[ 1.2222726 ]]]


 [[[ 0.56157416]]

  [[ 1.015872  ]]

  [[ 0.82412857]]]


 [[[ 1.4532862 ]]

  [[-0.77562535]]

  [[-1.0866499 ]]]], shape=(3, 3, 1, 1), dtype=float32)
----------------------------------------------------
tf.Tensor(
[[[[ 0.6159338 ]]

  [[ 0.7234982 ]]

  [[ 0.7659747 ]]]


 [[[ 0.7380436 ]]

  [[-0.92019147]]

  [[-0.6507326 ]]]


 [[[-0.84117585]]

  [[-1.1215466 ]]

  [[ 0.4693387 ]]]], shape=(3, 3, 1, 1), dtype=float32)
----------------------------------------------------
tf.Tensor(
[[[[ 0.6429257 ]]

  [[-1.7665465 ]]

  [[ 0.31319916]]]


 [[[ 1.5900764 ]]

  [[ 0.29239252]]

  [[-0.8529871 ]]]


 [[[ 1.3865204 ]]

  [[-0.15235472]]

  [[ 0.48471847]]]], shape=(3, 3, 1, 1), dtype=float32)
----------------------------------------------------
tf.Tensor(
[[[[-0.9168347 ]]

  [[-1.2158192 ]]

  [[-0.42423192]]]


 [[[-0.6798507 ]]

  [[ 0.12912323]]

  [[ 0.8249964 ]]]


 [[[ 1.7532046 ]]

  [[ 1.5025743 ]]

  [[-1.7007548 ]]]], shape=(3, 3, 1, 1), dtype=float32)
----------------------------------------------------
tf.Tensor(
[[[[ 0.95710087]]

  [[ 1.0753781 ]]

  [[ 0.7526649 ]]]


 [[[-0.26735142]]

  [[-0.46054682]]

  [[-0.9360614 ]]]


 [[[-0.6608615 ]]

  [[ 1.3719934 ]]

  [[-0.897482  ]]]], shape=(3, 3, 1, 1), dtype=float32)
----------------------------------------------------
tf.Tensor(
[[[[-0.06516117]]

  [[ 0.06061333]]

  [[-2.0652945 ]]]


 [[[ 0.29248235]]

  [[-0.11256013]]

  [[ 0.18456745]]]


 [[[ 2.298693  ]]

  [[ 1.7138966 ]]

  [[-0.9291776 ]]]], shape=(3, 3, 1, 1), dtype=float32)
----------------------------------------------------
tf.Tensor(
[[[[-0.20343228]]

  [[ 0.22876897]]

  [[-1.4789029 ]]]


 [[[ 1.5525794 ]]

  [[-0.5060346 ]]

  [[ 0.44734487]]]


 [[[ 1.5596086 ]]

  [[ 0.53894687]]

  [[-2.301     ]]]], shape=(3, 3, 1, 1), dtype=float32)
----------------------------------------------------
tf.Tensor(
[[[[ 0.8011045 ]]

  [[-0.7539354 ]]

  [[ 0.35261124]]]


 [[[-0.19329298]]

  [[-0.02646256]]

  [[ 1.3011193 ]]]


 [[[ 0.412761  ]]

  [[ 0.33650413]]

  [[-2.0498831 ]]]], shape=(3, 3, 1, 1), dtype=float32)
----------------------------------------------------
tf.Tensor(
[[[[ 0.39328128]]

  [[-0.35758102]]

  [[ 0.4210069 ]]]


 [[[ 0.38350406]]

  [[ 0.3455738 ]]

  [[ 1.5577011 ]]]


 [[[ 0.42890885]]

  [[-1.7312917 ]]

  [[-0.25734892]]]], shape=(3, 3, 1, 1), dtype=float32)
----------------------------------------------------
tf.Tensor(
[[[[-0.02337467]]

  [[-1.476315  ]]

  [[ 1.0453604 ]]]


 [[[-0.31417444]]

  [[-2.1258085 ]]

  [[-0.38117325]]]


 [[[ 0.7397013 ]]

  [[ 0.44593254]]

  [[ 1.2370816 ]]]], shape=(3, 3, 1, 1), dtype=float32)
----------------------------------------------------
tf.Tensor(
[[[[-0.10756858]]

  [[ 0.30512187]]

  [[ 0.23445332]]]


 [[[-0.07268109]]

  [[ 1.1122319 ]]

  [[-1.0503768 ]]]


 [[[-0.5174699 ]]

  [[-0.3648838 ]]

  [[ 0.77107406]]]], shape=(3, 3, 1, 1), dtype=float32)
----------------------------------------------------
tf.Tensor(
[[[[-1.2867181 ]]

  [[-0.03463371]]

  [[ 0.42928547]]]


 [[[-0.61670816]]

  [[ 1.3475229 ]]

  [[ 1.1710572 ]]]


 [[[-0.3938998 ]]

  [[ 0.0459402 ]]

  [[-0.55949295]]]], shape=(3, 3, 1, 1), dtype=float32)
----------------------------------------------------
tf.Tensor(
[[[[ 1.3846663 ]]

  [[ 0.9859167 ]]

  [[-0.9531196 ]]]


 [[[-1.4503374 ]]

  [[ 1.531502  ]]

  [[-0.27358556]]]


 [[[ 0.39503184]]

  [[-0.9590876 ]]

  [[-0.65434366]]]], shape=(3, 3, 1, 1), dtype=float32)
----------------------------------------------------
tf.Tensor(
[[[[ 0.10381565]]

  [[ 0.3167128 ]]

  [[ 0.44703206]]]


 [[[-0.40458354]]

  [[ 0.15756465]]

  [[ 0.5619313 ]]]


 [[[-1.1550298 ]]

  [[-1.2409573 ]]

  [[ 0.9410963 ]]]], shape=(3, 3, 1, 1), dtype=float32)
----------------------------------------------------
tf.Tensor(
[[[[ 0.05468155]]

  [[ 0.28652743]]

  [[-0.700575  ]]]


 [[[ 0.7266989 ]]

  [[ 1.3081431 ]]

  [[-0.20950708]]]


 [[[ 0.46926165]]

  [[ 0.20171717]]

  [[-1.5308689 ]]]], shape=(3, 3, 1, 1), dtype=float32)
----------------------------------------------------
tf.Tensor(
[[[[ 1.7105774 ]]

  [[-1.582931  ]]

  [[-1.7019373 ]]]


 [[[ 1.5646492 ]]

  [[-0.44719812]]

  [[-1.0424255 ]]]


 [[[ 1.955716  ]]

  [[-0.2359652 ]]

  [[-2.362547  ]]]], shape=(3, 3, 1, 1), dtype=float32)
----------------------------------------------------
tf.Tensor(
[[[[ 0.39829168]]

  [[ 0.06485807]]

  [[-0.44632402]]]


 [[[-1.1957474 ]]

  [[ 0.19382295]]

  [[-0.4067103 ]]]


 [[[-0.33785543]]

  [[ 0.67613953]]

  [[ 0.9711324 ]]]], shape=(3, 3, 1, 1), dtype=float32)
----------------------------------------------------
tf.Tensor(
[[[[-1.089422  ]]

  [[-0.26153234]]

  [[ 1.1966649 ]]]


 [[[-0.4178977 ]]

  [[ 1.0043585 ]]

  [[-1.0026044 ]]]


 [[[ 0.23679927]]

  [[-1.0358834 ]]

  [[ 1.3634754 ]]]], shape=(3, 3, 1, 1), dtype=float32)
----------------------------------------------------
