tf.Tensor(
[[[[ 6.60321355e-01]
   [-5.84123671e-01]
   [-4.66773540e-01]]

  [[-1.20985198e+00]
   [-5.91677845e-01]
   [-3.17501426e-01]]

  [[ 1.45777548e-03]
   [ 9.24148917e-01]
   [ 8.18374753e-01]]]


 [[[ 1.88954675e+00]
   [ 5.03167391e-01]
   [-4.26760465e-01]]

  [[-5.46982735e-02]
   [-2.32152134e-01]
   [ 1.62336305e-01]]

  [[-7.36456394e-01]
   [-7.45288014e-01]
   [-1.44043350e+00]]]


 [[[-1.02170125e-01]
   [ 1.00259435e+00]
   [-5.11612892e-01]]

  [[ 2.78367817e-01]
   [-1.93555355e-01]
   [ 1.37531459e+00]]

  [[-2.75546253e-01]
   [ 1.76857746e+00]
   [ 4.72047389e-01]]]], shape=(3, 3, 3, 1), dtype=float32)
----------------------------------------------------
tf.Tensor(
[[[[-0.31846455]
   [-0.05910274]
   [ 0.06180336]]

  [[ 0.96964586]
   [ 0.05024607]
   [ 1.1912651 ]]

  [[-1.1333255 ]
   [-0.8694125 ]
   [-1.2695158 ]]]


 [[[ 0.02784706]
   [ 0.76410615]
   [-1.2192031 ]]

  [[-0.25803506]
   [-1.8825704 ]
   [ 0.4042203 ]]

  [[ 0.927639  ]
   [ 1.4528841 ]
   [-0.2273617 ]]]


 [[[ 0.6910056 ]
   [-1.5364453 ]
   [-0.77522933]]

  [[ 1.5585972 ]
   [ 0.5463312 ]
   [ 0.5468167 ]]

  [[-0.34766164]
   [ 0.32331637]
   [-0.09923788]]]], shape=(3, 3, 3, 1), dtype=float32)
----------------------------------------------------
tf.Tensor(
[[[[-0.31846455]
   [-0.05910274]
   [ 0.06180336]]

  [[ 0.96964586]
   [ 0.05024607]
   [ 1.1912651 ]]

  [[-1.1333255 ]
   [-0.8694125 ]
   [-1.2695158 ]]]


 [[[ 0.02784706]
   [ 0.76410615]
   [-1.2192031 ]]

  [[-0.25803506]
   [-1.8825704 ]
   [ 0.4042203 ]]

  [[ 0.927639  ]
   [ 1.4528841 ]
   [-0.2273617 ]]]


 [[[ 0.6910056 ]
   [-1.5364453 ]
   [-0.77522933]]

  [[ 1.5585972 ]
   [ 0.5463312 ]
   [ 0.5468167 ]]

  [[-0.34766164]
   [ 0.32331637]
   [-0.09923788]]]], shape=(3, 3, 3, 1), dtype=float32)
----------------------------------------------------
tf.Tensor(
[[[[-0.93607694]
   [-2.1488876 ]
   [ 0.38177457]]

  [[-0.07413749]
   [-0.3696008 ]
   [-0.47263333]]

  [[ 0.25720084]
   [ 1.1298354 ]
   [ 0.6753983 ]]]


 [[[ 0.69050676]
   [ 1.484315  ]
   [-0.8746135 ]]

  [[ 1.8079672 ]
   [-0.6354079 ]
   [-0.56177425]]

  [[ 0.29382974]
   [ 0.6255169 ]
   [-0.2403401 ]]]


 [[[ 1.6707445 ]
   [-0.8503656 ]
   [-0.9175921 ]]

  [[ 0.23051898]
   [-1.1369008 ]
   [ 0.20030752]]

  [[ 1.4747915 ]
   [-1.2164818 ]
   [ 0.37603417]]]], shape=(3, 3, 3, 1), dtype=float32)
----------------------------------------------------
tf.Tensor(
[[[[-0.38666764]
   [ 0.7380999 ]
   [ 0.5844683 ]]

  [[-0.53405064]
   [ 0.87224233]
   [-1.176902  ]]

  [[-0.27480045]
   [-0.75273675]
   [ 0.0204711 ]]]


 [[[ 0.52874494]
   [ 0.16653791]
   [ 1.3349428 ]]

  [[ 0.27118617]
   [ 0.9523093 ]
   [ 0.17053539]]

  [[ 1.9481603 ]
   [-1.1554477 ]
   [ 0.16196193]]]


 [[[ 2.2068725 ]
   [-0.7219876 ]
   [ 0.27208537]]

  [[-0.23142575]
   [ 0.49633792]
   [ 0.10259637]]

  [[ 1.3231657 ]
   [-0.90687424]
   [-2.5905728 ]]]], shape=(3, 3, 3, 1), dtype=float32)
----------------------------------------------------
tf.Tensor(
[[[[ 6.3307470e-01]
   [-2.3673069e+00]
   [ 2.5676617e-01]]

  [[ 1.2358431e+00]
   [ 1.7733239e-01]
   [ 2.9253048e-01]]

  [[ 1.0635035e+00]
   [-4.6359885e-01]
   [ 7.2576481e-01]]]


 [[[ 9.3186539e-01]
   [-8.8880891e-01]
   [-8.4843147e-01]]

  [[ 3.3208391e-01]
   [ 2.2717491e-03]
   [ 3.0797982e-01]]

  [[-1.3399669e+00]
   [ 4.8645979e-01]
   [ 2.9274434e-01]]]


 [[[ 4.9233067e-01]
   [-1.7176411e+00]
   [-8.4530318e-01]]

  [[-6.7240670e-02]
   [-1.8818738e-02]
   [ 7.2068989e-01]]

  [[ 2.9366219e-01]
   [ 8.6384791e-01]
   [ 6.1077750e-01]]]], shape=(3, 3, 3, 1), dtype=float32)
----------------------------------------------------
tf.Tensor(
[[[[ 0.31486368]
   [-0.27920032]
   [ 0.3849283 ]]

  [[ 0.93899214]
   [ 0.41819653]
   [ 0.30444637]]

  [[-0.26731536]
   [-0.7442531 ]
   [-1.7182167 ]]]


 [[[ 1.001332  ]
   [ 0.05844569]
   [-0.10928825]]

  [[-1.1287612 ]
   [ 1.2123306 ]
   [ 1.77122   ]]

  [[-0.9743764 ]
   [-0.6134208 ]
   [-1.3468345 ]]]


 [[[ 0.44674113]
   [ 0.5332197 ]
   [-0.6689567 ]]

  [[-1.6977916 ]
   [ 0.56171006]
   [ 0.9224118 ]]

  [[-1.5392507 ]
   [-0.84029716]
   [ 0.6005188 ]]]], shape=(3, 3, 3, 1), dtype=float32)
----------------------------------------------------
tf.Tensor(
[[[[ 1.5384523 ]
   [ 0.4863183 ]
   [-0.5796888 ]]

  [[ 0.01659344]
   [-0.672502  ]
   [-1.8923178 ]]

  [[-0.6367062 ]
   [ 1.0704035 ]
   [-0.17161134]]]


 [[[ 1.0137234 ]
   [-0.24742821]
   [-0.660247  ]]

  [[-1.630865  ]
   [ 0.4951326 ]
   [-2.273699  ]]

  [[-0.43119368]
   [ 1.7505498 ]
   [-1.0421848 ]]]


 [[[-1.2260882 ]
   [ 1.4098009 ]
   [ 0.79421437]]

  [[ 1.584272  ]
   [-0.5963565 ]
   [ 0.11449632]]

  [[ 0.00361029]
   [-0.04535979]
   [ 2.5134904 ]]]], shape=(3, 3, 3, 1), dtype=float32)
----------------------------------------------------
tf.Tensor(
[[[[ 0.24765527]
   [-0.11662279]
   [ 0.83069634]]

  [[ 0.45742038]
   [-0.6467644 ]
   [ 1.3692293 ]]

  [[-0.7842971 ]
   [-0.938492  ]
   [ 0.53078467]]]


 [[[-0.6897822 ]
   [ 0.61032236]
   [-0.7800314 ]]

  [[-0.7364267 ]
   [ 1.4628351 ]
   [ 0.21657223]]

  [[-1.1088172 ]
   [-0.3374981 ]
   [ 1.2585576 ]]]


 [[[-0.53965956]
   [-1.5349003 ]
   [ 0.38247254]]

  [[ 0.83673424]
   [-1.747783  ]
   [ 1.4519392 ]]

  [[-1.6027833 ]
   [ 0.44101396]
   [-0.2544789 ]]]], shape=(3, 3, 3, 1), dtype=float32)
----------------------------------------------------
tf.Tensor(
[[[[ 1.6035827e-01]
   [ 4.2194152e-01]
   [ 4.0355131e-01]]

  [[ 1.0778913e+00]
   [-1.7517396e+00]
   [ 1.1692194e+00]]

  [[ 2.5799346e-01]
   [ 4.9434668e-01]
   [-1.5543129e-01]]]


 [[[-1.1357718e+00]
   [ 6.8954217e-01]
   [ 3.8111562e-01]]

  [[-8.1921381e-01]
   [ 9.9358660e-01]
   [-8.2786626e-01]]

  [[-6.7850620e-02]
   [-1.8749173e+00]
   [ 1.8348223e-01]]]


 [[[ 1.8057947e-04]
   [-3.5123881e-02]
   [-6.6021854e-01]]

  [[ 3.3945590e-01]
   [-4.9394840e-01]
   [ 6.2104595e-01]]

  [[-9.2934400e-01]
   [ 1.4199893e+00]
   [-3.6085433e-01]]]], shape=(3, 3, 3, 1), dtype=float32)
----------------------------------------------------
tf.Tensor(
[[[[-0.33831614]
   [-0.875321  ]
   [-0.3469883 ]]

  [[ 1.5323253 ]
   [-0.05689663]
   [-0.02582847]]

  [[ 0.36094078]
   [-0.04444535]
   [-0.08537354]]]


 [[[ 0.8137255 ]
   [ 0.52681726]
   [-0.9460721 ]]

  [[-1.0144192 ]
   [ 0.45618567]
   [ 0.07453351]]

  [[-0.309761  ]
   [ 0.6471583 ]
   [ 1.5531572 ]]]


 [[[-0.8588658 ]
   [ 0.7478292 ]
   [ 1.0199184 ]]

  [[ 0.03983802]
   [-0.03754405]
   [-1.7777175 ]]

  [[ 0.42324308]
   [-1.0637866 ]
   [ 1.2329967 ]]]], shape=(3, 3, 3, 1), dtype=float32)
----------------------------------------------------
tf.Tensor(
[[[[-0.20024206]
   [ 0.0299798 ]
   [-1.2991434 ]]

  [[ 1.8336284 ]
   [-0.13726054]
   [ 0.45340997]]

  [[-0.8874532 ]
   [-0.38382646]
   [-0.85569584]]]


 [[[-0.55388844]
   [ 0.41637182]
   [-1.0724838 ]]

  [[ 0.26316002]
   [ 0.9071349 ]
   [ 0.24415806]]

  [[-0.73893774]
   [-0.96852607]
   [ 1.2242119 ]]]


 [[[-0.8228721 ]
   [-0.27048647]
   [-0.53270954]]

  [[-0.657809  ]
   [ 0.8522715 ]
   [ 0.21098056]]

  [[ 1.0428085 ]
   [ 0.45211837]
   [ 1.3534746 ]]]], shape=(3, 3, 3, 1), dtype=float32)
----------------------------------------------------
tf.Tensor(
[[[[ 0.59274477]
   [ 1.335952  ]
   [-0.14695965]]

  [[-1.0136635 ]
   [-0.56715494]
   [-0.77665216]]

  [[ 0.5247008 ]
   [ 0.3525391 ]
   [ 0.39818388]]]


 [[[ 0.2983021 ]
   [ 0.03754563]
   [ 0.7154195 ]]

  [[ 2.1836798 ]
   [-1.7857909 ]
   [-1.7211447 ]]

  [[ 0.00566619]
   [-0.50503033]
   [-0.3079971 ]]]


 [[[-0.16372363]
   [-0.8827746 ]
   [-0.3593427 ]]

  [[ 0.20885475]
   [ 1.9397585 ]
   [ 1.7285031 ]]

  [[-0.15869159]
   [ 0.2929058 ]
   [-0.67616487]]]], shape=(3, 3, 3, 1), dtype=float32)
----------------------------------------------------
tf.Tensor(
[[[[ 0.37417933]
   [ 0.5201361 ]
   [-0.9293908 ]]

  [[-0.8888767 ]
   [-1.2423174 ]
   [-1.3405716 ]]

  [[-1.8017135 ]
   [-0.1901927 ]
   [-1.1035866 ]]]


 [[[-2.3140883 ]
   [ 1.0249476 ]
   [-0.19398704]]

  [[ 0.5717085 ]
   [-0.73036927]
   [ 1.0415163 ]]

  [[-0.23770116]
   [-1.8831462 ]
   [ 0.26146424]]]


 [[[ 0.6487845 ]
   [-0.6462607 ]
   [ 1.1583079 ]]

  [[ 1.618192  ]
   [ 0.947279  ]
   [ 0.83392024]]

  [[ 1.5788771 ]
   [-0.48977584]
   [ 0.4480252 ]]]], shape=(3, 3, 3, 1), dtype=float32)
----------------------------------------------------
tf.Tensor(
[[[[ 2.1506023 ]
   [ 0.6850848 ]
   [-0.5813158 ]]

  [[ 1.6720034 ]
   [-1.3288949 ]
   [-0.60400504]]

  [[-0.07742709]
   [ 0.1312731 ]
   [ 1.1543552 ]]]


 [[[ 0.98525715]
   [-0.41382036]
   [-0.8232632 ]]

  [[-0.45543763]
   [ 1.7102171 ]
   [-2.27553   ]]

  [[-0.5636588 ]
   [ 1.2242887 ]
   [ 0.8180728 ]]]


 [[[-1.1362835 ]
   [-0.48303893]
   [ 1.6016577 ]]

  [[-1.0869102 ]
   [-1.1821074 ]
   [ 0.77524734]]

  [[-0.02001507]
   [ 0.43372887]
   [ 0.2925754 ]]]], shape=(3, 3, 3, 1), dtype=float32)
----------------------------------------------------
tf.Tensor(
[[[[ 0.4751048 ]
   [ 0.9376494 ]
   [ 1.2034767 ]]

  [[ 2.2630844 ]
   [-1.147754  ]
   [ 0.45842707]]

  [[-0.6581226 ]
   [-0.6687881 ]
   [ 0.02967281]]]


 [[[-2.007654  ]
   [ 0.8459235 ]
   [ 0.4386826 ]]

  [[ 0.25232723]
   [-0.14989461]
   [ 0.08439799]]

  [[-0.98902327]
   [-2.1831124 ]
   [ 1.7869163 ]]]


 [[[ 0.5637586 ]
   [-1.2514527 ]
   [-0.26742762]]

  [[ 0.7554229 ]
   [ 1.8614331 ]
   [ 0.19233651]]

  [[-0.6522359 ]
   [-0.48433197]
   [ 0.36689278]]]], shape=(3, 3, 3, 1), dtype=float32)
----------------------------------------------------
tf.Tensor(
[[[[-1.2948759 ]
   [-0.57583684]
   [ 1.1116714 ]]

  [[ 1.4710072 ]
   [ 0.15566927]
   [-0.68846595]]

  [[-0.30726096]
   [ 0.36319223]
   [ 1.6780525 ]]]


 [[[-0.66206646]
   [ 0.55090004]
   [-0.468312  ]]

  [[-0.00388642]
   [-0.23729779]
   [ 0.46496716]]

  [[ 0.83618146]
   [-0.44340226]
   [ 1.4452416 ]]]


 [[[-2.199068  ]
   [ 0.5570051 ]
   [-2.0841806 ]]

  [[ 0.00755206]
   [-1.4075987 ]
   [ 1.8522714 ]]

  [[-2.050241  ]
   [ 0.17539266]
   [-1.0443718 ]]]], shape=(3, 3, 3, 1), dtype=float32)
----------------------------------------------------
tf.Tensor(
[[[[-0.17060933]
   [-0.16285115]
   [-0.50740147]]

  [[ 0.958141  ]
   [-0.14526787]
   [-1.7689849 ]]

  [[ 0.5103711 ]
   [-0.14127328]
   [-0.34231204]]]


 [[[-1.310721  ]
   [-1.0487423 ]
   [ 1.8582315 ]]

  [[ 0.26429462]
   [-1.0437852 ]
   [-2.054891  ]]

  [[ 0.43677396]
   [-1.5808015 ]
   [ 1.1878173 ]]]


 [[[ 2.1744418 ]
   [ 0.7041511 ]
   [ 0.61565185]]

  [[ 0.85870457]
   [-0.0862136 ]
   [-0.00932675]]

  [[ 1.0044292 ]
   [-1.2154409 ]
   [ 1.1004604 ]]]], shape=(3, 3, 3, 1), dtype=float32)----------------------------------------------------
tf.Tensor(
[[[[-0.6820965 ]
   [-0.56589216]
   [ 0.21324453]]

  [[-0.09506845]
   [ 0.9372232 ]
   [-0.27225402]]

  [[ 0.63953555]
   [-0.3574311 ]
   [-0.31355307]]]


 [[[-0.27957147]
   [-0.53056884]
   [ 1.9548103 ]]

  [[-0.46764067]
   [ 1.5422231 ]
   [-0.30481875]]

  [[ 0.00313485]
   [ 0.12038211]
   [ 0.39045146]]]


 [[[ 0.72258204]
   [ 0.19062148]
   [ 0.28325164]]

  [[ 0.5879272 ]
   [-1.9212798 ]
   [ 0.51746523]]

  [[-2.1553965 ]
   [-1.4613146 ]
   [ 0.24279533]]]], shape=(3, 3, 3, 1), dtype=float32)
----------------------------------------------------
tf.Tensor(
[[[[ 0.970802  ]
   [ 0.9965782 ]
   [ 0.90860194]]

  [[-0.70770323]
   [ 0.16755156]
   [ 1.0285945 ]]

  [[-0.8544286 ]
   [-0.35896578]
   [-0.5079257 ]]]


 [[[-0.36985934]
   [-0.65860504]
   [ 0.00568692]]

  [[-0.04756856]
   [ 0.13239412]
   [ 0.9712327 ]]

  [[-0.5333463 ]
   [ 0.49395356]
   [-0.51996785]]]


 [[[ 0.18603507]
   [-1.5828267 ]
   [-0.03554324]]

  [[-0.7378533 ]
   [-2.4716096 ]
   [ 0.69432914]]

  [[ 1.0408252 ]
   [ 1.052407  ]
   [-1.1102512 ]]]], shape=(3, 3, 3, 1), dtype=float32)
----------------------------------------------------
tf.Tensor(
[[[[ 1.2023823 ]
   [-0.6196062 ]
   [ 0.9452799 ]]

  [[ 0.01273888]
   [-0.258446  ]
   [-0.5508242 ]]

  [[ 1.2212278 ]
   [-0.38785973]
   [-0.03094603]]]


 [[[ 1.0468063 ]
   [-0.7062147 ]
   [-0.45961484]]

  [[ 1.889713  ]
   [ 0.20159386]
   [ 0.05734217]]

  [[ 0.21851657]
   [ 0.9785631 ]
   [-2.633495  ]]]


 [[[-0.34299648]
   [-1.1290605 ]
   [ 1.7208096 ]]

  [[-0.7958831 ]
   [-1.9620771 ]
   [-0.8270673 ]]

  [[ 0.12977126]
   [-1.2313385 ]
   [ 0.96642613]]]], shape=(3, 3, 3, 1), dtype=float32)
----------------------------------------------------
tf.Tensor(
[[[[-0.16654922]
   [ 2.2520113 ]
   [-0.07935598]]

  [[-1.7688193 ]
   [-0.48402494]
   [-0.108064  ]]

  [[-0.3428206 ]
   [-0.11921171]
   [-0.164164  ]]]


 [[[-0.15307495]
   [-1.656759  ]
   [-1.3065108 ]]

  [[ 1.4070998 ]
   [-0.38337073]
   [ 0.35138497]]

  [[ 0.8612408 ]
   [ 0.24808823]
   [ 0.61449593]]]


 [[[-0.4768725 ]
   [-0.36011496]
   [ 0.67804766]]

  [[-0.7077944 ]
   [ 1.8958464 ]
   [-0.5381446 ]]

  [[ 1.5954353 ]
   [ 0.6122267 ]
   [ 0.7735766 ]]]], shape=(3, 3, 3, 1), dtype=float32)
----------------------------------------------------
tf.Tensor(
[[[[-1.206258  ]
   [ 1.6770133 ]
   [ 1.1077034 ]]

  [[-1.1897495 ]
   [-0.6988097 ]
   [ 0.06439152]]

  [[-1.2716199 ]
   [-1.375935  ]
   [-1.6960491 ]]]


 [[[ 0.77926517]
   [ 0.39445582]
   [-0.07355867]]

  [[-0.3503602 ]
   [-1.100932  ]
   [ 1.8295833 ]]

  [[-0.08490402]
   [ 0.03278169]
   [ 0.20022225]]]


 [[[ 0.6441999 ]
   [-0.39769772]
   [-0.07819833]]

  [[ 0.13986537]
   [ 0.21573119]
   [-0.972229  ]]

  [[-0.29482377]
   [ 1.2092392 ]
   [ 0.00797223]]]], shape=(3, 3, 3, 1), dtype=float32)
----------------------------------------------------
tf.Tensor(
[[[[ 0.03233457]
   [-2.1238053 ]
   [ 0.7398226 ]]

  [[ 0.63154787]
   [-0.694047  ]
   [-0.1461355 ]]

  [[-1.1651276 ]
   [-0.1779182 ]
   [-0.48858595]]]


 [[[-0.88764673]
   [ 2.703167  ]
   [-0.65001637]]

  [[-0.5764371 ]
   [ 2.2069163 ]
   [ 2.2593648 ]]

  [[-0.19741918]
   [ 2.214174  ]
   [-1.8727489 ]]]


 [[[-0.4566291 ]
   [ 0.6562718 ]
   [-0.55025536]]

  [[ 0.83350515]
   [-0.03444841]
   [-1.7139486 ]]

  [[-1.7987568 ]
   [-1.5544077 ]
   [ 1.898036  ]]]], shape=(3, 3, 3, 1), dtype=float32)
----------------------------------------------------
tf.Tensor(
[[[[-0.6306273 ]
   [ 2.4712179 ]
   [ 1.2900023 ]]

  [[ 0.09987902]
   [ 1.379827  ]
   [-0.10295548]]

  [[-0.8825777 ]
   [-0.7386884 ]
   [ 2.170156  ]]]


 [[[ 1.2345924 ]
   [-1.0527383 ]
   [-0.89302003]]

  [[-0.30773106]
   [ 1.7686226 ]
   [-1.9821627 ]]

  [[-2.064759  ]
   [ 0.08288399]
   [ 1.0697719 ]]]


 [[[-0.76775396]
   [-0.8357311 ]
   [-0.2502901 ]]

  [[-0.2571606 ]
   [ 0.7531352 ]
   [ 0.7683185 ]]

  [[-0.80518967]
   [ 0.61776036]
   [-1.4874141 ]]]], shape=(3, 3, 3, 1), dtype=float32)
----------------------------------------------------
