tf.Tensor(
[[[[-1.0968157 ]]

  [[ 0.2452592 ]]

  [[-0.3811711 ]]]


 [[[ 1.6206586 ]]

  [[-0.03474223]]

  [[-0.18798727]]]


 [[[ 1.0983374 ]]

  [[-0.9597348 ]]

  [[-0.7578064 ]]]], shape=(3, 3, 1, 1), dtype=float32)
----------------------------------------------------
tf.Tensor(
[[[[ 1.713931  ]]

  [[ 1.8649228 ]]

  [[-0.3222606 ]]]


 [[[ 0.35226098]]

  [[ 0.37167546]]

  [[-0.1538154 ]]]


 [[[-1.1598417 ]]

  [[ 0.72288704]]

  [[-1.1807219 ]]]], shape=(3, 3, 1, 1), dtype=float32)
----------------------------------------------------
tf.Tensor(
[[[[-0.13030463]]

  [[-0.06044741]]

  [[-0.00674487]]]


 [[[ 0.7580347 ]]

  [[-1.1101067 ]]

  [[-0.72586936]]]


 [[[-0.64197606]]

  [[ 0.9752018 ]]

  [[ 1.0211167 ]]]], shape=(3, 3, 1, 1), dtype=float32)
----------------------------------------------------
tf.Tensor(
[[[[ 0.66382927]]

  [[-0.8835782 ]]

  [[ 0.17926556]]]


 [[[-0.39803827]]

  [[-1.4071031 ]]

  [[ 0.74246764]]]


 [[[ 1.8538219 ]]

  [[-0.27440962]]

  [[-0.42732278]]]], shape=(3, 3, 1, 1), dtype=float32)
----------------------------------------------------
tf.Tensor(
[[[[ 0.8778556 ]]

  [[-1.4462377 ]]

  [[ 1.0894033 ]]]


 [[[-0.16739725]]

  [[ 1.1807564 ]]

  [[ 2.5243917 ]]]


 [[[-0.5662467 ]]

  [[-0.53725827]]

  [[-0.90069896]]]], shape=(3, 3, 1, 1), dtype=float32)
----------------------------------------------------
tf.Tensor(
[[[[ 2.0889301 ]]

  [[ 0.12222484]]

  [[-2.208053  ]]]


 [[[-0.5533486 ]]

  [[-0.59855336]]

  [[ 3.3304913 ]]]


 [[[ 0.22267768]]

  [[-1.4563843 ]]

  [[-0.13425608]]]], shape=(3, 3, 1, 1), dtype=float32)
----------------------------------------------------
tf.Tensor(
[[[[ 1.2085717 ]]

  [[ 0.94055957]]

  [[-1.3061061 ]]]


 [[[ 0.8411847 ]]

  [[ 0.3641621 ]]

  [[-0.79176325]]]


 [[[-0.01746259]]

  [[-0.3284619 ]]

  [[-0.42898726]]]], shape=(3, 3, 1, 1), dtype=float32)
----------------------------------------------------
tf.Tensor(
[[[[ 0.9542741 ]]

  [[ 0.4872722 ]]

  [[-2.4871051 ]]]


 [[[ 0.07359748]]

  [[ 0.07544012]]

  [[ 0.19203426]]]


 [[[ 0.9809225 ]]

  [[-0.73346025]]

  [[-0.5566889 ]]]], shape=(3, 3, 1, 1), dtype=float32)
----------------------------------------------------
tf.Tensor(
[[[[ 0.22728801]]

  [[-0.06048647]]

  [[-1.2341801 ]]]


 [[[ 1.4355439 ]]

  [[ 0.17789082]]

  [[-0.6582413 ]]]


 [[[ 1.205171  ]]

  [[-0.25152192]]

  [[-1.4167339 ]]]], shape=(3, 3, 1, 1), dtype=float32)
----------------------------------------------------
tf.Tensor(
[[[[ 0.07150712]]

  [[-0.50509226]]

  [[-0.5570434 ]]]


 [[[ 0.13527846]]

  [[ 0.18251278]]

  [[-0.04004121]]]


 [[[ 0.35030746]]

  [[ 1.1651881 ]]

  [[-0.83292174]]]], shape=(3, 3, 1, 1), dtype=float32)
----------------------------------------------------
tf.Tensor(
[[[[-1.3770196 ]]

  [[-0.44453934]]

  [[ 0.38512447]]]


 [[[ 1.1267837 ]]

  [[-0.5981913 ]]

  [[ 1.0736948 ]]]


 [[[-1.0130746 ]]

  [[ 0.16598934]]

  [[ 0.26205894]]]], shape=(3, 3, 1, 1), dtype=float32)
----------------------------------------------------
tf.Tensor(
[[[[ 2.4843884 ]]

  [[-0.11788519]]

  [[-0.10225546]]]


 [[[-0.48688504]]

  [[-0.9701711 ]]

  [[ 0.35714802]]]


 [[[ 0.25538567]]

  [[-0.29528174]]

  [[-0.7026375 ]]]], shape=(3, 3, 1, 1), dtype=float32)
----------------------------------------------------
tf.Tensor(
[[[[-0.9986262 ]]

  [[-0.05133757]]

  [[-0.3803648 ]]]


 [[[ 1.2378527 ]]

  [[ 1.6012115 ]]

  [[ 0.08686865]]]


 [[[-1.4189566 ]]

  [[-0.8395581 ]]

  [[ 0.77107126]]]], shape=(3, 3, 1, 1), dtype=float32)
----------------------------------------------------
tf.Tensor(
[[[[ 1.9613973 ]]

  [[ 1.0522281 ]]

  [[ 0.9562278 ]]]


 [[[ 0.68897676]]

  [[ 0.19018538]]

  [[-0.21353713]]]


 [[[ 1.9100225 ]]

  [[-2.1975167 ]]

  [[-1.4788704 ]]]], shape=(3, 3, 1, 1), dtype=float32)
----------------------------------------------------
tf.Tensor(
[[[[-0.27775443]]

  [[ 1.0965177 ]]

  [[ 1.8320246 ]]]


 [[[-1.0424398 ]]

  [[ 1.3479247 ]]

  [[-0.1938248 ]]]


 [[[-0.44288924]]

  [[ 0.6248616 ]]

  [[-2.2675774 ]]]], shape=(3, 3, 1, 1), dtype=float32)
----------------------------------------------------
tf.Tensor(
[[[[-0.13369064]]

  [[-0.7114194 ]]

  [[ 1.6119776 ]]]


 [[[-0.40445176]]

  [[ 1.6332518 ]]

  [[-0.16368291]]]


 [[[-0.89565253]]

  [[-0.16321163]]

  [[ 0.6892362 ]]]], shape=(3, 3, 1, 1), dtype=float32)
----------------------------------------------------
tf.Tensor(
[[[[ 0.3423644 ]]

  [[-0.8979161 ]]

  [[-0.00797544]]]


 [[[ 0.23718627]]

  [[-0.2929799 ]]

  [[ 0.49563545]]]


 [[[ 0.32518396]]

  [[ 0.40165353]]

  [[ 0.6149873 ]]]], shape=(3, 3, 1, 1), dtype=float32)
----------------------------------------------------
tf.Tensor(
[[[[ 1.9864032 ]]

  [[ 0.46346608]]

  [[-0.49820217]]

  [[-0.0170041 ]]

  [[ 0.00939509]]]


 [[[ 1.607888  ]]

  [[ 1.9447255 ]]

  [[-0.5776374 ]]

  [[ 0.3732194 ]]

  [[-0.12356142]]]


 [[[ 0.45584264]]

  [[ 0.49454916]]

  [[-1.5302894 ]]

  [[-1.6375872 ]]

  [[-0.50012976]]]


 [[[ 1.3420838 ]]

  [[ 0.6803823 ]]

  [[ 0.10489675]]

  [[-0.29232138]]

  [[ 1.4465218 ]]]


 [[[-0.5836737 ]]

  [[ 0.06332288]]

  [[-1.6285169 ]]

  [[-0.9132464 ]]

  [[-0.7559275 ]]]], shape=(5, 5, 1, 1), dtype=float32)
----------------------------------------------------
tf.Tensor(
[[[[ 0.8770062 ]]

  [[-0.98854464]]

  [[ 0.9141528 ]]

  [[ 0.08275203]]

  [[-0.2195849 ]]]


 [[[-0.84417015]]

  [[ 0.68014085]]

  [[-0.16270566]]

  [[-0.19881773]]

  [[ 1.3384491 ]]]


 [[[-1.6383927 ]]

  [[-0.25366345]]

  [[ 0.05088237]]

  [[ 0.8683087 ]]

  [[ 0.8024728 ]]]


 [[[-1.3518456 ]]

  [[ 0.5436973 ]]

  [[-1.8894247 ]]

  [[-0.17332716]]

  [[ 0.4596314 ]]]


 [[[ 0.18009096]]

  [[ 1.686185  ]]

  [[-0.03843981]]

  [[-1.0383384 ]]

  [[ 0.33014044]]]], shape=(5, 5, 1, 1), dtype=float32)
----------------------------------------------------
tf.Tensor(
[[[[ 1.4858905 ]]

  [[-0.27791455]]

  [[-0.42123088]]

  [[ 1.4337956 ]]

  [[ 0.96426886]]]


 [[[-0.7111028 ]]

  [[ 1.7259783 ]]

  [[-0.06334104]]

  [[ 0.9718356 ]]

  [[ 0.6956712 ]]]


 [[[-0.8340603 ]]

  [[ 0.11866304]]

  [[-0.04949156]]

  [[ 0.338977  ]]

  [[-1.7017004 ]]]


 [[[-0.75107   ]]

  [[ 1.1014572 ]]

  [[ 0.994094  ]]

  [[ 0.5931439 ]]

  [[-1.0696685 ]]]


 [[[-0.14011666]]

  [[-0.26472265]]

  [[-0.8169753 ]]

  [[-0.96809554]]

  [[-0.31308258]]]], shape=(5, 5, 1, 1), dtype=float32)
----------------------------------------------------
tf.Tensor(
[[[[-0.8675618 ]]

  [[ 0.02263955]]

  [[ 1.3542745 ]]

  [[-0.7226637 ]]

  [[-0.2317444 ]]]


 [[[ 0.71822375]]

  [[ 0.23629163]]

  [[-1.0119618 ]]

  [[ 1.2978529 ]]

  [[-0.7740538 ]]]


 [[[ 0.5269015 ]]

  [[ 0.7215809 ]]

  [[ 0.7701286 ]]

  [[ 2.074477  ]]

  [[ 0.26880777]]]


 [[[-0.56809855]]

  [[-0.97689235]]

  [[-1.0091199 ]]

  [[-0.54635817]]

  [[ 0.15089329]]]


 [[[-0.67729133]]

  [[ 1.0346475 ]]

  [[-1.0112026 ]]

  [[ 0.22056109]]

  [[-1.4004261 ]]]], shape=(5, 5, 1, 1), dtype=float32)
----------------------------------------------------
tf.Tensor(
[[[[ 0.823528  ]]

  [[-1.4192898 ]]

  [[ 0.7293494 ]]

  [[-0.9042482 ]]

  [[ 1.6234084 ]]]


 [[[ 0.04963006]]

  [[ 0.88240516]]

  [[-0.13660091]]

  [[ 0.27614364]]

  [[-2.3003097 ]]]


 [[[ 0.69795823]]

  [[-0.06662206]]

  [[-0.27701473]]

  [[ 0.3827326 ]]

  [[-0.13698871]]]


 [[[ 1.3335749 ]]

  [[-0.3273963 ]]

  [[ 0.46604654]]

  [[-1.6290765 ]]

  [[ 1.385178  ]]]


 [[[-0.8242941 ]]

  [[-0.05187086]]

  [[ 1.7478958 ]]

  [[ 0.8070172 ]]

  [[-1.2094536 ]]]], shape=(5, 5, 1, 1), dtype=float32)
----------------------------------------------------
tf.Tensor(
[[[[ 1.7469038 ]]

  [[-0.2061171 ]]

  [[-0.4443576 ]]

  [[ 0.98777884]]

  [[ 0.63425267]]]


 [[[-0.34019238]]

  [[-0.19891822]]

  [[-2.0094807 ]]

  [[ 0.35536528]]

  [[-0.07203729]]]


 [[[ 0.27258137]]

  [[ 0.46343094]]

  [[ 0.41811097]]

  [[ 0.10553046]]

  [[ 2.1624331 ]]]


 [[[ 0.95283115]]

  [[ 0.3260959 ]]

  [[-0.92552966]]

  [[ 0.867438  ]]

  [[-1.4584494 ]]]


 [[[-0.7227911 ]]

  [[-1.2375177 ]]

  [[ 0.1766416 ]]

  [[ 1.1494269 ]]

  [[-0.13591695]]]], shape=(5, 5, 1, 1), dtype=float32)
----------------------------------------------------
tf.Tensor(
[[[[-0.76553804]]

  [[-1.0469476 ]]

  [[ 0.6985712 ]]

  [[ 1.2414043 ]]

  [[-0.27366775]]]


 [[[ 0.5190929 ]]

  [[ 0.87332946]]

  [[ 1.2196068 ]]

  [[-0.02712824]]

  [[ 1.2369984 ]]]


 [[[-0.19520162]]

  [[-0.6957513 ]]

  [[-1.0160204 ]]

  [[-0.14169341]]

  [[ 0.43867147]]]


 [[[ 0.80183923]]

  [[-0.34429476]]

  [[-1.4456916 ]]

  [[ 1.1702881 ]]

  [[-0.5908313 ]]]


 [[[ 0.47484428]]

  [[ 0.6652148 ]]

  [[-1.0281821 ]]

  [[-0.18392353]]

  [[ 0.32944682]]]], shape=(5, 5, 1, 1), dtype=float32)
----------------------------------------------------
tf.Tensor(
[[[[ 0.65707767]]

  [[ 0.94748825]]

  [[ 0.401037  ]]

  [[-0.6949251 ]]

  [[-0.80971533]]]


 [[[ 1.6005424 ]]

  [[ 1.4261158 ]]

  [[ 0.6092003 ]]

  [[-1.7075315 ]]

  [[ 0.761868  ]]]


 [[[ 0.43460578]]

  [[ 1.1478412 ]]

  [[ 0.25032344]]

  [[ 0.2756403 ]]

  [[-0.65882754]]]


 [[[ 0.16774383]]

  [[-0.53958637]]

  [[-0.23996653]]

  [[-1.1584024 ]]

  [[-0.19414082]]]


 [[[-0.75128084]]

  [[-1.6530857 ]]

  [[-1.2909645 ]]

  [[ 1.2934227 ]]

  [[-0.38198632]]]], shape=(5, 5, 1, 1), dtype=float32)
----------------------------------------------------
tf.Tensor(
[[[[ 6.3712925e-01]]

  [[ 1.5539180e+00]]

  [[-8.8105595e-01]]

  [[-6.3077813e-01]]

  [[ 2.2495866e-01]]]


 [[[ 1.6040335e+00]]

  [[ 4.5020252e-01]]

  [[ 6.4508235e-01]]

  [[ 1.0235944e+00]]

  [[-3.3110204e-01]]]


 [[[-5.4948586e-01]]

  [[-5.2328748e-01]]

  [[-1.2391390e+00]]

  [[ 4.8121181e-01]]

  [[ 1.1635547e+00]]]


 [[[-4.7251889e-01]]

  [[-1.1085460e+00]]

  [[-9.9405289e-01]]

  [[ 9.6407888e-04]]

  [[-8.1927437e-01]]]


 [[[-1.5886019e+00]]

  [[ 4.4146052e-01]]

  [[ 5.9323955e-01]]

  [[-4.9166042e-01]]

  [[ 6.3134366e-01]]]], shape=(5, 5, 1, 1), dtype=float32)
----------------------------------------------------
tf.Tensor(
[[[[-0.7230554 ]]

  [[-1.3887413 ]]

  [[ 0.33956426]]

  [[ 0.77310055]]

  [[ 0.914682  ]]]


 [[[-1.3809142 ]]

  [[ 0.30033502]]

  [[-0.5782833 ]]

  [[ 1.5029982 ]]

  [[-1.0839958 ]]]


 [[[-1.6278846 ]]

  [[-1.8523319 ]]

  [[ 2.0594795 ]]

  [[ 0.39077717]]

  [[-0.06710532]]]


 [[[-0.43041128]]

  [[ 0.9317995 ]]

  [[ 0.8891849 ]]

  [[-0.2954999 ]]

  [[ 1.0580692 ]]]


 [[[ 0.58240575]]

  [[-0.04224288]]

  [[ 2.377792  ]]

  [[ 1.0386326 ]]

  [[ 1.04555   ]]]], shape=(5, 5, 1, 1), dtype=float32)
----------------------------------------------------
tf.Tensor(
[[[[ 0.52816564]]

  [[ 1.9380256 ]]

  [[-0.8014759 ]]

  [[-1.851555  ]]

  [[-0.17965409]]]


 [[[-1.6846142 ]]

  [[-1.2277386 ]]

  [[ 0.01019788]]

  [[ 0.40576732]]

  [[-0.19769233]]]


 [[[-0.23891906]]

  [[-0.4403339 ]]

  [[ 1.4595711 ]]

  [[-1.439653  ]]

  [[-0.20096572]]]


 [[[ 0.9928679 ]]

  [[-0.07041471]]

  [[-0.74886674]]

  [[ 0.67238235]]

  [[ 1.364591  ]]]


 [[[ 1.325428  ]]

  [[ 0.5230838 ]]

  [[-0.50045544]]

  [[-0.616526  ]]

  [[ 0.38289896]]]], shape=(5, 5, 1, 1), dtype=float32)
----------------------------------------------------
